1.000000e-01 9.00256e-05 0.999808 9.25648e-05 6.91022e-06 2.35615e-06 4.77638e-09 6.41701e-09
1.400000e-01 0.000126031 0.999731 0.000129586 9.67386e-06 3.29842e-06 6.68671e-09 8.98337e-09
1.960000e-01 0.000176434 0.999624 0.00018141 1.35426e-05 4.61742e-06 9.36096e-09 1.25758e-08
2.744000e-01 0.00024699 0.999474 0.000253954 1.89579e-05 6.46367e-06 1.31045e-08 1.76045e-08
3.841600e-01 0.00034575 0.999263 0.000355498 2.65378e-05 9.04774e-06 1.83446e-08 2.46429e-08
5.378240e-01 0.000483981 0.998969 0.000497621 3.71464e-05 1.26641e-05 2.56793e-08 3.44935e-08
7.529536e-01 0.000677436 0.998556 0.000696523 5.19923e-05 1.77243e-05 3.59446e-08 4.82781e-08
1.054135e+00 0.000948143 0.997979 0.000974843 7.27645e-05 2.48035e-05 5.031e-08 6.75641e-08
1.475789e+00 0.00132687 0.997172 0.00136421 0.000101822 3.47042e-05 7.04095e-08 9.45403e-08
2.066105e+00 0.0018566 0.996043 0.00190879 0.000142455 4.85453e-05 9.85255e-08 1.3226e-07
2.892547e+00 0.00259722 0.994465 0.00267014 0.000199252 6.78841e-05 1.37842e-07 1.84974e-07
4.049565e+00 0.00363217 0.99226 0.00373395 0.000278588 9.48824e-05 1.92796e-07 2.58593e-07
5.669391e+00 0.00507733 0.989181 0.00521923 0.00038931 0.000132532 2.69555e-07 3.61305e-07
7.937148e+00 0.00709319 0.984887 0.00729068 0.000543641 0.000184951 3.76675e-07 5.0441e-07
1.111201e+01 0.00990102 0.978906 0.0101752 0.000758377 0.000257772 5.25975e-07 7.03406e-07
1.555681e+01 0.013804 0.970596 0.0141835 0.00105642 0.000358622 7.33691e-07 9.79371e-07
2.177953e+01 0.0192139 0.959081 0.0197365 0.00146866 0.000497679 1.02196e-06 1.36062e-06
3.049135e+01 0.0266824 0.943193 0.0273973 0.00203609 0.000688237 1.42063e-06 1.8845e-06
4.268789e+01 0.0369358 0.921396 0.0379043 0.00281178 0.000947103 1.96931e-06 2.59894e-06
5.976304e+01 0.0509031 0.891738 0.0521966 0.00386201 0.00129443 2.71935e-06 3.56292e-06
8.366826e+01 0.0697234 0.851835 0.0714156 0.00526471 0.00175229 3.73503e-06 4.84403e-06
1.171356e+02 0.0947009 0.798999 0.0968458 0.00710235 0.00234065 5.09259e-06 6.51015e-06
1.639898e+02 0.127157 0.730571 0.129743 0.00944431 0.00306898 6.87468e-06 8.61042e-06
2.295857e+02 0.168111 0.644661 0.170973 0.0123126 0.00392132 9.15684e-06 1.11395e-05
3.214200e+02 0.217738 0.541375 0.220401 0.0156259 0.00483425 1.19828e-05 1.39818e-05
4.499880e+02 0.274627 0.424475 0.276067 0.0191265 0.00567273 1.53279e-05 1.68421e-05
6.299831e+02 0.335138 0.302828 0.333454 0.0223201 0.00622147 1.90616e-05 1.91995e-05
8.819764e+02 0.393512 0.190159 0.385564 0.0244955 0.00622544 2.29324e-05 2.03587e-05
1.234767e+03 0.443562 0.101273 0.424696 0.0249113 0.00551139 2.66116e-05 1.96876e-05
1.728674e+03 0.481901 0.0448813 0.445861 0.0231498 0.00415983 2.97956e-05 1.7025e-05
2.420143e+03 0.510513 0.0179777 0.449457 0.0194321 0.00257408 3.22917e-05 1.29862e-05
3.388201e+03 0.535562 0.0086698 0.439873 0.0145784 0.00127322 3.39855e-05 8.76818e-06
4.743481e+03 0.563131 0.00582634 0.420857 0.00962223 0.0005238 3.47515e-05 5.46513e-06
6.640873e+03 0.59675 0.0044639 0.393071 0.00545815 0.000219558 3.44847e-05 3.49161e-06
9.297222e+03 0.638152 0.00350571 0.355553 0.0026329 0.000120798 3.31986e-05 2.56581e-06
1.301611e+04 0.688146 0.00278711 0.307788 0.00116315 8.31731e-05 3.09741e-05 2.1372e-06
1.822256e+04 0.746245 0.00219349 0.25088 0.000589314 6.20454e-05 2.78315e-05 1.82212e-06
2.551158e+04 0.809663 0.00163276 0.188256 0.00037667 4.55921e-05 2.37374e-05 1.48673e-06
3.571621e+04 0.872651 0.00109295 0.125959 0.00024675 3.05176e-05 1.87545e-05 1.11862e-06
5.000269e+04 0.927335 0.000625787 0.0718668 0.000141013 1.75402e-05 1.32297e-05 7.47626e-07
7.000377e+04 0.966695 0.000289575 0.0329338 6.51116e-05 8.2024e-06 7.8997e-06 4.22172e-07
9.800528e+04 0.988557 0.000102823 0.01131 2.29531e-05 3.0157e-06 3.7063e-06 1.88172e-07
1.372074e+05 0.997058 3.02022e-05 0.00290261 6.55948e-06 9.98792e-07 1.24038e-06 6.11174e-08
1.920903e+05 0.999087 1.28672e-05 0.000896287 2.6463e-06 5.1735e-07 2.74322e-07 1.4494e-08
